version https://git-lfs.github.com/spec/v1
oid sha256:d0e71ed683f7ea1adff656ec99f1cf6d6fb33687a0fb10a441d94dda6e2c7a95
size 13556
